# Custom 9-term TL coefficients — 2026-02-20T22:10:56.835
# Segment: seg_A  |  cal samples: 6001
c[01] = -69811.81361053
c[02] = -7338.70332733
c[03] = 89027.18449132
c[04] = 1.33876487
c[05] = -1.67929509
c[06] = -1.77390885
c[07] = 0.85140878
c[08] = 1.82444210
c[09] = 1.12981990
var_reduction   = 0.4163
residual_rms    = 86.9937 nT
hdg_corr_pre    = 0.044184
hdg_corr_post   = 0.118063
